Dedicated Model Digit Performance:
[[ 971    1    1    0    0    0    5    1    0    1]
 [   0 1125    3    2    1    0    3    1    0    0]
 [   2    2 1017    0    1    0    0    6    2    2]
 [   0    0    3  997    0    6    0    0    1    3]
 [   0    0    0    0  975    0    4    0    0    3]
 [   2    0    0    3    0  878    6    1    0    2]
 [   0    2    0    0    1    1  954    0    0    0]
 [   0    1    8    2    0    0    0 1008    1    8]
 [   3    0    3    0    2    3    4    1  952    6]
 [   1    0    0    0    8    1    2    0    0  997]]
              precision    recall  f1-score   support

           0       0.99      0.99      0.99       980
           1       0.99      0.99      0.99      1135
           2       0.98      0.99      0.98      1032
           3       0.99      0.99      0.99      1010
           4       0.99      0.99      0.99       982
           5       0.99      0.98      0.99       892
           6       0.98      1.00      0.99       958
           7       0.99      0.98      0.99      1028
           8       1.00      0.98      0.99       974
           9       0.98      0.99      0.98      1009

    accuracy                           0.99     10000
   macro avg       0.99      0.99      0.99     10000
weighted avg       0.99      0.99      0.99     10000

Dedicated Model Fashion Performance:
[[804   0  12  14   2   1 163   0   4   0]
 [  0 985   0  10   1   0   3   0   1   0]
 [ 16   0 860  12  53   0  59   0   0   0]
 [  6   3   8 935  12   0  36   0   0   0]
 [  0   0  47  37 865   0  51   0   0   0]
 [  0   0   0   0   0 980   0  12   0   8]
 [ 51   1  50  21  66   0 808   0   3   0]
 [  0   0   0   0   0   7   0 978   0  15]
 [  5   0   3   1   4   1   2   4 980   0]
 [  0   0   0   0   0   4   1  31   0 964]]
              precision    recall  f1-score   support

           0       0.91      0.80      0.85      1000
           1       1.00      0.98      0.99      1000
           2       0.88      0.86      0.87      1000
           3       0.91      0.94      0.92      1000
           4       0.86      0.86      0.86      1000
           5       0.99      0.98      0.98      1000
           6       0.72      0.81      0.76      1000
           7       0.95      0.98      0.97      1000
           8       0.99      0.98      0.99      1000
           9       0.98      0.96      0.97      1000

    accuracy                           0.92     10000
   macro avg       0.92      0.92      0.92     10000
weighted avg       0.92      0.92      0.92     10000

Multitask Model Digit Performance:
[[ 972    0    0    1    1    1    3    0    2    0]
 [   0 1129    1    0    0    1    1    0    2    1]
 [   0    2 1022    1    0    0    0    4    2    1]
 [   1    1    1  994    0    6    0    0    4    3]
 [   0    0    0    0  975    0    0    0    1    6]
 [   1    0    0    5    0  883    3    0    0    0]
 [   6    2    1    0    1    1  947    0    0    0]
 [   1    3    5    0    0    0    0 1009    1    9]
 [   4    0    4    0    1    0    1    1  956    7]
 [   0    2    0    2    5    3    0    0    0  997]]
              precision    recall  f1-score   support

           0       0.99      0.99      0.99       980
           1       0.99      0.99      0.99      1135
           2       0.99      0.99      0.99      1032
           3       0.99      0.98      0.99      1010
           4       0.99      0.99      0.99       982
           5       0.99      0.99      0.99       892
           6       0.99      0.99      0.99       958
           7       1.00      0.98      0.99      1028
           8       0.99      0.98      0.98       974
           9       0.97      0.99      0.98      1009

    accuracy                           0.99     10000
   macro avg       0.99      0.99      0.99     10000
weighted avg       0.99      0.99      0.99     10000



Multitask Model Fashion Performance:
[[880   1  10  14   3   2  79   0  11   0]
 [  2 981   0   7   2   0   6   0   2   0]
 [ 22   2 838   8  73   0  56   0   1   0]
 [ 24   9   9 877  38   0  40   0   3   0]
 [  1   1  42  10 884   0  62   0   0   0]
 [  0   0   0   0   0 980   0  12   4   4]
 [139   3  68  22  78   0 680   0  10   0]
 [  0   0   0   0   0   9   0 964   2  25]
 [  4   1   1   2   5   1   2   1 982   1]
 [  0   0   1   0   0   8   0  31   0 960]]
              precision    recall  f1-score   support

           0       0.82      0.88      0.85      1000
           1       0.98      0.98      0.98      1000
           2       0.86      0.84      0.85      1000
           3       0.93      0.88      0.90      1000
           4       0.82      0.88      0.85      1000
           5       0.98      0.98      0.98      1000
           6       0.74      0.68      0.71      1000
           7       0.96      0.96      0.96      1000
           8       0.97      0.98      0.97      1000
           9       0.97      0.96      0.96      1000

    accuracy                           0.90     10000
   macro avg       0.90      0.90      0.90     10000
weighted avg       0.90      0.90      0.90     10000

