IMDB Control Model Performance:
[[10515  1985]
 [ 2862  9638]]
              precision    recall  f1-score   support

           0       0.79      0.84      0.81     12500
           1       0.83      0.77      0.80     12500

    accuracy                           0.81     25000
   macro avg       0.81      0.81      0.81     25000
weighted avg       0.81      0.81      0.81     25000

Multitask Model Digit Performance:
[[ 967    0    5    1    0    0    3    1    2    1]
 [   0 1127    2    2    0    0    0    2    2    0]
 [   4    1 1006    4    1    0    2    8    6    0]
 [   0    0    6  988    0    8    0    2    5    1]
 [   2    1    5    0  953    0    2    5    3   11]
 [   3    0    0   15    0  852    4    1   11    6]
 [   4    2    3    0    6    3  931    2    7    0]
 [   1    3   15    2    1    0    0  998    1    7]
 [   0    0    4    2    0    1    1    2  964    0]
 [   1    2    0    7    9    4    2    3   17  964]]
              precision    recall  f1-score   support

           0       0.98      0.99      0.99       980
           1       0.99      0.99      0.99      1135
           2       0.96      0.97      0.97      1032
           3       0.97      0.98      0.97      1010
           4       0.98      0.97      0.98       982
           5       0.98      0.96      0.97       892
           6       0.99      0.97      0.98       958
           7       0.97      0.97      0.97      1028
           8       0.95      0.99      0.97       974
           9       0.97      0.96      0.96      1009

    accuracy                           0.97     10000
   macro avg       0.98      0.97      0.97     10000
weighted avg       0.98      0.97      0.98     10000



Multitask Model Fashion Performance:
[[846   1  12  48   4   1  72   0  16   0]
 [  0 978   0  15   2   0   4   0   1   0]
 [ 13   2 763  17 115   0  82   0   8   0]
 [ 17  17   4 891  42   0  20   0   9   0]
 [  0   3  88  27 815   0  66   0   1   0]
 [  1   0   0   0   0 962   0  30   2   5]
 [170   2  80  34  81   0 611   0  22   0]
 [  0   0   0   0   0  20   0 966   0  14]
 [  1   1   2   4   3   3   5   5 976   0]
 [  0   0   0   1   0   9   0  70   1 919]]
              precision    recall  f1-score   support

           0       0.81      0.85      0.83      1000
           1       0.97      0.98      0.98      1000
           2       0.80      0.76      0.78      1000
           3       0.86      0.89      0.87      1000
           4       0.77      0.81      0.79      1000
           5       0.97      0.96      0.96      1000
           6       0.71      0.61      0.66      1000
           7       0.90      0.97      0.93      1000
           8       0.94      0.98      0.96      1000
           9       0.98      0.92      0.95      1000

    accuracy                           0.87     10000
   macro avg       0.87      0.87      0.87     10000
weighted avg       0.87      0.87      0.87     10000



Multitask Model Boston Performance:
0.013094718


Multitask Model IMDB Performance:
[[ 9847  2653]
 [ 1782 10718]]
              precision    recall  f1-score   support

           0       0.85      0.79      0.82     12500
           1       0.80      0.86      0.83     12500

    accuracy                           0.82     25000
   macro avg       0.82      0.82      0.82     25000
weighted avg       0.82      0.82      0.82     25000

