Dedicated Model Digit Performance:
[[ 962    0    1    1    1    2    5    3    3    2]
 [   0 1121    3    1    0    1    2    0    7    0]
 [   6    1 1004    2    5    0    2    4    7    1]
 [   0    0   16  968    1    3    0    7   15    0]
 [   0    0    7    0  963    0    3    1    2    6]
 [   3    0    0   10    2  848    8    3   14    4]
 [   4    2    2    1    6    3  933    0    7    0]
 [   0    7   11    2    1    1    0  998    3    5]
 [   3    0    5   10    6    4    5    6  931    4]
 [   4    6    1    6   24    3    0    7    9  949]]
              precision    recall  f1-score   support

           0       0.98      0.98      0.98       980
           1       0.99      0.99      0.99      1135
           2       0.96      0.97      0.96      1032
           3       0.97      0.96      0.96      1010
           4       0.95      0.98      0.97       982
           5       0.98      0.95      0.97       892
           6       0.97      0.97      0.97       958
           7       0.97      0.97      0.97      1028
           8       0.93      0.96      0.94       974
           9       0.98      0.94      0.96      1009

    accuracy                           0.97     10000
   macro avg       0.97      0.97      0.97     10000
weighted avg       0.97      0.97      0.97     10000

Dedicated Model Fashion Performance:
[[837   1   8  37   2   1  94   1  18   1]
 [  1 970   1  21   3   0   2   0   2   0]
 [ 15   1 784  10  83   0  96   0  11   0]
 [ 20  16   6 888  27   1  37   0   5   0]
 [  0   2 128  48 696   0 120   0   6   0]
 [  0   0   0   0   0 933   0  43   2  22]
 [156   4  87  36  56   0 632   0  29   0]
 [  0   0   0   0   0  14   0 957   0  29]
 [  3   1   1   5   3   1   4   5 977   0]
 [  1   0   0   0   0   5   0  43   0 951]]
              precision    recall  f1-score   support

           0       0.81      0.84      0.82      1000
           1       0.97      0.97      0.97      1000
           2       0.77      0.78      0.78      1000
           3       0.85      0.89      0.87      1000
           4       0.80      0.70      0.74      1000
           5       0.98      0.93      0.95      1000
           6       0.64      0.63      0.64      1000
           7       0.91      0.96      0.93      1000
           8       0.93      0.98      0.95      1000
           9       0.95      0.95      0.95      1000

    accuracy                           0.86     10000
   macro avg       0.86      0.86      0.86     10000
weighted avg       0.86      0.86      0.86     10000

Multitask Model Digit Performance:
[[ 965    0    1    0    0    2    6    1    3    2]
 [   0 1117    3    2    0    2    1    1    8    1]
 [   8    1  998    8    2    1    5    5    3    1]
 [   1    0   19  952    0   10    0   12   10    6]
 [   1    1    1    0  941    1   11    1    3   22]
 [   9    0    0   19    0  841    8    0    9    6]
 [   9    2    1    0    9   10  922    0    5    0]
 [   1    4    7    5    2    1    0  990    0   18]
 [   5    1   11   14    3   17    5    3  901   14]
 [   5    3    0   13   16    9    1   13    4  945]]
              precision    recall  f1-score   support

           0       0.96      0.98      0.97       980
           1       0.99      0.98      0.99      1135
           2       0.96      0.97      0.96      1032
           3       0.94      0.94      0.94      1010
           4       0.97      0.96      0.96       982
           5       0.94      0.94      0.94       892
           6       0.96      0.96      0.96       958
           7       0.96      0.96      0.96      1028
           8       0.95      0.93      0.94       974
           9       0.93      0.94      0.93      1009

    accuracy                           0.96     10000
   macro avg       0.96      0.96      0.96     10000
weighted avg       0.96      0.96      0.96     10000



Multitask Model Fashion Performance:
[[814   2   4  50   6   1 106   0  17   0]
 [  6 949   7  27   6   0   4   0   1   0]
 [ 16   0 714  10 135   0 120   0   4   1]
 [ 32   7   1 861  46   0  41   1  11   0]
 [  0   0 101  31 780   0  82   0   5   1]
 [  1   0   0   0   0 911   0  63   2  23]
 [171   0  94  45  94   0 570   0  26   0]
 [  0   0   0   0   0  21   0 957   1  21]
 [  0   0   0   3   7   0  36  12 941   1]
 [  0   0   0   0   0  10   0  64   2 924]]
              precision    recall  f1-score   support

           0       0.78      0.81      0.80      1000
           1       0.99      0.95      0.97      1000
           2       0.78      0.71      0.74      1000
           3       0.84      0.86      0.85      1000
           4       0.73      0.78      0.75      1000
           5       0.97      0.91      0.94      1000
           6       0.59      0.57      0.58      1000
           7       0.87      0.96      0.91      1000
           8       0.93      0.94      0.94      1000
           9       0.95      0.92      0.94      1000

    accuracy                           0.84     10000
   macro avg       0.84      0.84      0.84     10000
weighted avg       0.84      0.84      0.84     10000

