Boston Dedicated Model Loss: 0.015302836894989014
Multitask Model Digit Performance:
[[ 956    0    2    2    0    5    4    6    4    1]
 [   0 1130    0    1    0    1    1    0    2    0]
 [   5    0 1009    4    0    1    2    6    5    0]
 [   0    1    6  987    0   10    0    3    1    2]
 [ 941    0    5    0    0    1    8    6   14    7]
 [   0    0    0    3    0  886    1    0    2    0]
 [   6    3    2    1    0   11  934    0    1    0]
 [   3    1   12    0    0    0    0 1011    1    0]
 [   2    0    6    5    0   12   10    3  935    1]
 [  10    4    0    6    0    4    2   14   22  947]]
              precision    recall  f1-score   support

           0       0.50      0.98      0.66       980
           1       0.99      1.00      0.99      1135
           2       0.97      0.98      0.97      1032
           3       0.98      0.98      0.98      1010
           4       0.00      0.00      0.00       982
           5       0.95      0.99      0.97       892
           6       0.97      0.97      0.97       958
           7       0.96      0.98      0.97      1028
           8       0.95      0.96      0.95       974
           9       0.99      0.94      0.96      1009

    accuracy                           0.88     10000
   macro avg       0.83      0.88      0.84     10000
weighted avg       0.83      0.88      0.85     10000



Multitask Model Fashion Performance:
[[866   1  23  29   2   0  69   0  10   0]
 [  4 956   1  32   4   0   2   0   1   0]
 [ 23   1 786   7 105   0  71   0   7   0]
 [ 30   2  21 882  44   0  15   0   6   0]
 [  0   1  73  28 814   0  79   0   5   0]
 [  0   0   0   1   0 942   0  35   3  19]
 [181   1  90  24  66   0 618   0  20   0]
 [  0   0   0   0   0  12   0 950   0  38]
 [  4   0   3   3   6   2   4   5 973   0]
 [  0   0   0   1   0   8   1  32   0 958]]
              precision    recall  f1-score   support

           0       0.78      0.87      0.82      1000
           1       0.99      0.96      0.97      1000
           2       0.79      0.79      0.79      1000
           3       0.88      0.88      0.88      1000
           4       0.78      0.81      0.80      1000
           5       0.98      0.94      0.96      1000
           6       0.72      0.62      0.66      1000
           7       0.93      0.95      0.94      1000
           8       0.95      0.97      0.96      1000
           9       0.94      0.96      0.95      1000

    accuracy                           0.87     10000
   macro avg       0.87      0.87      0.87     10000
weighted avg       0.87      0.87      0.87     10000



Multitask Model Boston Loss 0.014258334413170815
