Easy Performance:
[[996   0   0   4   0]
 [  0 974  17   3   6]
 [  0  15 971   0  14]
 [  1   1   1 997   0]
 [  0   8  41   1 950]]
              precision    recall  f1-score   support

           0       1.00      1.00      1.00      1000
           1       0.98      0.97      0.97      1000
           2       0.94      0.97      0.96      1000
           3       0.99      1.00      0.99      1000
           4       0.98      0.95      0.96      1000

    accuracy                           0.98      5000
   macro avg       0.98      0.98      0.98      5000
weighted avg       0.98      0.98      0.98      5000



Hard Performance:
[[837  16  20   2 125]
 [ 13 864  10  60  53]
 [ 16  14 905  43  22]
 [  0  45  17 895  43]
 [103  54  25  98 720]]
              precision    recall  f1-score   support

           0       0.86      0.84      0.85      1000
           1       0.87      0.86      0.87      1000
           2       0.93      0.91      0.92      1000
           3       0.82      0.90      0.85      1000
           4       0.75      0.72      0.73      1000

    accuracy                           0.84      5000
   macro avg       0.84      0.84      0.84      5000
weighted avg       0.84      0.84      0.84      5000

