First Subnetwork Performance:
[[857   0  15  15   4   3  98   0   8   0]
 [  1 979   1  10   4   0   2   0   3   0]
 [ 17   1 794   6  76   0 105   0   1   0]
 [ 25  12  14 871  48   0  26   0   4   0]
 [  1   1  56  15 859   0  67   0   1   0]
 [  0   0   0   0   0 982   0  13   1   4]
 [140   4  55  15  68   0 707   0  11   0]
 [  0   0   0   0   0  17   0 962   1  20]
 [  4   0   3   1   4   2   4   3 979   0]
 [  1   0   0   0   0  11   0  32   1 955]]
              precision    recall  f1-score   support

           0       0.82      0.86      0.84      1000
           1       0.98      0.98      0.98      1000
           2       0.85      0.79      0.82      1000
           3       0.93      0.87      0.90      1000
           4       0.81      0.86      0.83      1000
           5       0.97      0.98      0.97      1000
           6       0.70      0.71      0.70      1000
           7       0.95      0.96      0.96      1000
           8       0.97      0.98      0.97      1000
           9       0.98      0.95      0.97      1000

    accuracy                           0.89     10000
   macro avg       0.90      0.89      0.89     10000
weighted avg       0.90      0.89      0.89     10000



Second Subnetwork Performance:
[[881   0  17  36   5   1  50   0  10   0]
 [  1 977   0  14   3   0   3   0   2   0]
 [ 19   0 821  12  75   1  69   0   3   0]
 [ 16   4   7 923  31   0  12   0   7   0]
 [  1   1  67  32 844   0  54   0   1   0]
 [  0   0   0   1   0 966   0  17   1  15]
 [192   2  69  34  91   0 595   0  17   0]
 [  0   0   0   0   0   6   0 958   1  35]
 [  3   1   2   4   4   1   2   4 978   1]
 [  0   0   1   0   0   5   0  28   0 966]]
              precision    recall  f1-score   support

           0       0.79      0.88      0.83      1000
           1       0.99      0.98      0.98      1000
           2       0.83      0.82      0.83      1000
           3       0.87      0.92      0.90      1000
           4       0.80      0.84      0.82      1000
           5       0.99      0.97      0.98      1000
           6       0.76      0.59      0.67      1000
           7       0.95      0.96      0.95      1000
           8       0.96      0.98      0.97      1000
           9       0.95      0.97      0.96      1000

    accuracy                           0.89     10000
   macro avg       0.89      0.89      0.89     10000
weighted avg       0.89      0.89      0.89     10000



Third Subnetwork Performance:
[[879   1  13  33   4   1  55   0  14   0]
 [  3 974   2  14   4   0   3   0   0   0]
 [ 20   1 803  13  96   0  62   0   4   1]
 [ 19   5   8 924  23   0  16   0   5   0]
 [  1   1  59  37 862   0  37   0   3   0]
 [  1   0   0   0   0 973   0  18   1   7]
 [167   2  73  33  93   0 617   0  15   0]
 [  0   0   0   0   0   8   0 971   1  20]
 [  3   1   3   2   6   1   2   4 977   1]
 [  1   0   0   0   0  10   0  31   0 958]]
              precision    recall  f1-score   support

           0       0.80      0.88      0.84      1000
           1       0.99      0.97      0.98      1000
           2       0.84      0.80      0.82      1000
           3       0.88      0.92      0.90      1000
           4       0.79      0.86      0.83      1000
           5       0.98      0.97      0.98      1000
           6       0.78      0.62      0.69      1000
           7       0.95      0.97      0.96      1000
           8       0.96      0.98      0.97      1000
           9       0.97      0.96      0.96      1000

    accuracy                           0.89     10000
   macro avg       0.89      0.89      0.89     10000
weighted avg       0.89      0.89      0.89     10000



Fourth Subnetwork Performance:
[[879   1  12  32   5   2  60   0   9   0]
 [  3 977   1  13   3   0   2   0   1   0]
 [ 18   2 829   9  59   2  78   0   3   0]
 [ 23  11   9 904  28   0  20   0   5   0]
 [  0   1  89  36 803   0  68   0   3   0]
 [  0   0   0   0   0 979   0  15   1   5]
 [160   1  63  29  60   0 675   0  12   0]
 [  0   0   0   0   0   9   0 977   1  13]
 [  6   1   0   3   1   2   2   5 980   0]
 [  1   0   0   0   0  11   0  45   0 943]]
              precision    recall  f1-score   support

           0       0.81      0.88      0.84      1000
           1       0.98      0.98      0.98      1000
           2       0.83      0.83      0.83      1000
           3       0.88      0.90      0.89      1000
           4       0.84      0.80      0.82      1000
           5       0.97      0.98      0.98      1000
           6       0.75      0.68      0.71      1000
           7       0.94      0.98      0.96      1000
           8       0.97      0.98      0.97      1000
           9       0.98      0.94      0.96      1000

    accuracy                           0.89     10000
   macro avg       0.89      0.89      0.89     10000
weighted avg       0.89      0.89      0.89     10000



Fifth Subnetwork Performance:
[[866   1  21  18   3   2  81   0   8   0]
 [  2 985   1   8   0   0   2   0   2   0]
 [ 16   2 898   9  27   0  45   0   3   0]
 [ 11   4   9 941   8   0  21   0   6   0]
 [  2   1  43  36 852   0  63   0   3   0]
 [  0   0   0   1   0 993   0   5   0   1]
 [ 74   0  49  29  42   0 799   0   7   0]
 [  0   0   0   0   0   7   0 950   0  43]
 [  6   1   1   4   0   1   0   1 985   1]
 [  1   0   0   0   0   6   0  13   0 980]]
              precision    recall  f1-score   support

           0       0.89      0.87      0.88      1000
           1       0.99      0.98      0.99      1000
           2       0.88      0.90      0.89      1000
           3       0.90      0.94      0.92      1000
           4       0.91      0.85      0.88      1000
           5       0.98      0.99      0.99      1000
           6       0.79      0.80      0.79      1000
           7       0.98      0.95      0.96      1000
           8       0.97      0.98      0.98      1000
           9       0.96      0.98      0.97      1000

    accuracy                           0.92     10000
   macro avg       0.93      0.92      0.92     10000
weighted avg       0.93      0.92      0.92     10000

Aggregate Performance:
[[893   0  17  23   4   2  54   0   7   0]
 [  1 982   0  12   2   0   1   0   2   0]
 [ 18   1 854   8  58   1  59   0   1   0]
 [ 18   5   9 924  21   0  17   0   6   0]
 [  0   1  52  29 864   0  53   0   1   0]
 [  0   0   0   0   0 985   0   9   1   5]
 [136   2  59  27  62   0 705   0   9   0]
 [  0   0   0   0   0   6   0 971   0  23]
 [  2   1   1   4   1   1   1   5 984   0]
 [  1   0   0   0   0   7   0  31   0 961]]
              precision    recall  f1-score   support

           0       0.84      0.89      0.86      1000
           1       0.99      0.98      0.99      1000
           2       0.86      0.85      0.86      1000
           3       0.90      0.92      0.91      1000
           4       0.85      0.86      0.86      1000
           5       0.98      0.98      0.98      1000
           6       0.79      0.70      0.75      1000
           7       0.96      0.97      0.96      1000
           8       0.97      0.98      0.98      1000
           9       0.97      0.96      0.97      1000

    accuracy                           0.91     10000
   macro avg       0.91      0.91      0.91     10000
weighted avg       0.91      0.91      0.91     10000

